#For each GEM_plane#:
# APV# time_offset

GEM_plane# 0
0 0
1 0
2 0
3 0
4 -4.10489
5 -2.88722
6 -1.81168
7 -1.85101
8 -0.385247
9 0.856867
10 0.203986
11 -1.569
12 -2.75713
13 -1.319
14 -2.09138
15 -1.63527
16 -1.20603
17 -0.920998
18 -4.87817
19 -2.57969
20 -4.3586
21 4.14255
22 4.95724
23 0
24 0
25 0
26 0
27 0
28 0
29 0
30 0

GEM_plane# 1
0 0
1 0
2 0
3 0
4 0
5 -1.59603
6 0.20809
7 0.0531724
8 1.17212
9 1.95265
10 0.290296
11 -0.409737
12 2.85896
13 1.22658
14 -1.53475
15 -1.47855
16 -0.596978
17 -0.636073
18 -2.03191
19 -3.19774
20 -3.32634
21 0
22 0
23 0
24 0
25 0
26 0

GEM_plane# 2
0 0
1 0
2 0
3 0
4 0
5 -2.42472
6 -2.88353
7 -2.87199
8 -1.83039
9 -2.3011
10 -2.92081
11 -3.2212
12 -3.62479
13 -2.96119
14 -4.13494
15 -4.84914
16 -4.57254
17 -3.55243
18 -4.27708
19 -4.79236
20 -5.066
21 -8.12053
22 -5.23698
23 -4.9553
24 0
25 0
26 0
27 0
28 0
29 0
30 0

GEM_plane# 3
0 0
1 0
2 0
3 0
4 0
5 -0.583483
6 -0.568108
7 0.537782
8 0.958797
9 -0.235881
10 -1.08607
11 -2.14042
12 -0.616731
13 -0.00117267
14 -1.25927
15 -1.60199
16 -1.96583
17 -2.32205
18 -3.25348
19 -3.69563
20 -2.5491
21 0
22 0
23 0
24 0
25 0
26 0

GEM_plane# 4
0 0
1 0
2 0
3 0
4 0
5 -2.45332
6 -1.97326
7 -1.12415
8 -2.18379
9 -0.500364
10 -1.61055
11 -2.01004
12 -1.13467
13 -0.433216
14 0.687675
15 -0.143996
16 -1.39177
17 0.301694
18 -0.101112
19 -1.70599
20 -1.844
21 -1.71103
22 -3.08377
23 -3.60383
24 0
25 0
26 0
27 0
28 0
29 0

GEM_plane# 5
0 0
1 0
2 0
3 0
4 0
5 0
6 -2.56612
7 -3.39649
8 -3.16714
9 -1.56328
10 -2.22137
11 -3.07982
12 -0.618914
13 -1.87447
14 -2.0356
15 -6.52785
16 -4.92607
17 -6.91036
18 -4.89695
19 -5.26165
20 -4.84143
21 -8.50385
22 -7.93629
23 -7.28929
24 0
25 0
26 0
27 0
28 0
29 0

GEM_plane# 6
0 0
1 0
2 0
3 0
4 0
5 3.51907
6 4.03881
7 3.32399
8 4.10665
9 3.89935
10 3.64039
11 4.6862
12 2.51097
13 3.52264
14 3.59307
15 5.44717
16 4.38481
17 5.60297
18 4.99674
19 4.77592
20 4.47162
21 4.81247
22 4.40488
23 4.73002
24 0
25 0
26 0
27 0
28 0
29 0

GEM_plane# 7
0 0
1 0
2 0
3 0
4 0
5 4.49184
6 3.95183
7 3.71159
8 3.96396
9 3.96619
10 4.63481
11 3.51117
12 2.47233
13 2.49664
14 4.40669
15 0
16 5.25759
17 3.48155
18 4.25509
19 4.1643
20 4.10715
21 2.31485
22 2.44839
23 2.26588
24 0
25 0
26 0
27 0
28 0
29 0

GEM_plane# 8
0 0
1 0
2 0
3 0
4 0
5 -5.59137
6 -3.32891
7 -0.0771321
8 0.113237
9 0.917147
10 -3.47514
11 -3.08285
12 0.018041
13 1.62015
14 2.87274
15 -3.67475
16 -5.0425
17 -4.94752
18 -5.13952
19 -5.34624
20 -6.71781
21 -6.94399
22 -10.0799
23 -9.93794
24 -11.8827
25 0
26 0
27 0
28 0
29 0

GEM_plane# 9
0 0
1 0
2 0
3 0
4 0
5 0
6 -4.94143
7 -4.27891
8 -5.64773
9 -4.49943
10 -3.68161
11 -4.11614
12 -2.05938
13 -3.36344
14 -2.63874
15 -3.54442
16 -3.86911
17 -3.76923
18 -4.98181
19 -7.34707
20 -6.96857
21 -9.49343
22 -3.99936
23 -3.78363
24 -6.16947
25 0
26 0
27 0
28 0
29 0

GEM_plane# 10
0 0
1 0
2 0
3 0
4 0
5 0
6 -11.1401
7 -9.95595
8 -11.0466
9 -10.3714
10 -10.8748
11 -12.5445
12 -12.5057
13 -12.9822
14 -10.2952
15 -1.8594
16 -3.06747
17 0.105722
18 -2.72751
19 -4.77427
20 -7.98026
21 -10.0472
22 -5.96965
23 -8.60157
24 -8.38708
25 0
26 0
27 0
28 0
29 0

GEM_plane# 11
0 0
1 0
2 0
3 0
4 0
5 -3.25799
6 -0.441663
7 -1.78304
8 -3.85412
9 -1.0541
10 -0.545687
11 -0.494386
12 1.42416
13 -3.29182
14 -1.01913
15 1.45177
16 0.239078
17 -2.63118
18 -3.31664
19 -5.22408
20 -7.80074
21 -8.18675
22 -10.9322
23 -13.1254
24 -13.139
25 0
26 0
27 0
28 0
29 0

GEM_plane# 12
0 0
1 0
2 0
3 0
4 0
5 0
6 0
7 0
8 -0.425391
9 -4.13405

GEM_plane# 13
0 0
1 0
2 0
3 0
4 0
5 0
6 0
7 0
8 0
9 0
10 0
11 0

GEM_plane# 14
0 -2.88782
1 -1.20429
2 2.76853
3 3.44396
4 4.05743
5 3.70041
6 3.44181
7 2.1501
8 0.531987
9 -0.712356

GEM_plane# 15
0 0
1 0.182766
2 0.19008
3 0.957978
4 3.08638
5 3.14834
6 4.07173
7 2.85597
8 2.87148
9 2.2651
10 0
11 0

GEM_plane# 16
0 2.40111
1 3.29679
2 5.5899
3 7.41501
4 7.10572
5 5.16502
6 5.00625
7 2.094
8 1.76846
9 -0.237461

GEM_plane# 17
0 0
1 1.19293
2 3.62259
3 4.84347
4 4.0513
5 5.49141
6 6.11226
7 4.89042
8 4.35516
9 3.95294
10 0
11 0

GEM_plane# 18
0 0
1 0
2 0
3 0
4 0
5 0
6 0
7 0
8 0
9 0

GEM_plane# 19
0 0
1 0
2 0
3 0
4 0
5 0
6 0
7 0
8 0
9 0
10 0
11 0

GEM_plane# 20
0 0
1 0
2 0
3 0
4 0
5 0
6 -0.392337
7 0.577487
8 0.931882
9 -0.755663

GEM_plane# 21
0 0
1 0
2 0.244777
3 4.03641
4 3.51168
5 0.154208
6 0.176328
7 0.225878
8 0.146185
9 -2.46867
10 0
11 0

GEM_plane# 22
0 -0.562663
1 3.12497
2 4.88893
3 5.35349
4 7.26219
5 6.9637
6 6.12223
7 4.43921
8 0.764493
9 -0.670206

GEM_plane# 23
0 0
1 3.62532
2 4.60443
3 5.03973
4 6.11796
5 5.00991
6 4.50249
7 5.3656
8 4.34112
9 3.30588
10 1.20316
11 0

GEM_plane# 24
0 1.79415
1 2.83947
2 4.48071
3 5.48217
4 6.58136
5 5.30962
6 4.94231
7 3.63088
8 2.28333
9 -0.0747383

GEM_plane# 25
0 0
1 2.0768
2 2.57054
3 2.86181
4 4.41803
5 3.46178
6 6.02773
7 5.03901
8 4.44768
9 5.56294
10 5.51448
11 0

GEM_plane# 26
0 0.116867
1 0
2 0
3 0
4 0
5 0
6 0
7 0
8 0
9 0

GEM_plane# 27
0 0
1 0
2 1.43135
3 0
4 0
5 0
6 0
7 0
8 0
9 0
10 0
11 0

